Simple Flame Combustion Property Simulation
Terminal-only scientific model. No external packages.
Model: well-mixed flame cell with fuel, oxygen, heat release, losses, smoke, soot, efficiency, and extinction.

AI controller selected next experiment: baseline balanced flame

========================================================================================================================
ROUND 1: baseline methane-like gas
========================================================================================================================
initial fuel=1.000, initial O2=1.200, fuel_supply=0.100/s, O2_supply=0.550/s
spark=650.00 J, ignition=720.0 K, extinction=620.0 K, reaction_strength=2.40
cooling: conv=0.750, rad=2.60e-08, mix=0.120, humidity=0.20, volume=1.00
------------------------------------------------------------------------------------------------------------------------
  t(s) |           state |     T(K) |    fuel |      O2 |     rate |  power(W) |  loss(W) |   smoke |    soot |   h(m)
------------------------------------------------------------------------------------------------------------------------
  0.01 |    weak burning |    732.4 |   0.998 |   1.199 |   0.3332 |    173.29 | 13285.60 |  0.0006 |  0.0001 |  0.160
  0.20 |   extinguishing |    405.3 |   1.014 |   1.299 |   0.0000 |      0.00 |   619.13 |  0.0010 |  0.0002 |  0.040
  0.40 |   extinguishing |    346.3 |   1.034 |   1.409 |   0.0000 |      0.00 |   210.75 |  0.0009 |  0.0002 |  0.040
  0.60 |   extinguishing |    322.9 |   1.054 |   1.519 |   0.0000 |      0.00 |    94.49 |  0.0009 |  0.0002 |  0.040
  0.80 |   extinguishing |    311.9 |   1.074 |   1.629 |   0.0000 |      0.00 |    46.73 |  0.0009 |  0.0002 |  0.040
  1.00 |   extinguishing |    306.3 |   1.094 |   1.739 |   0.0000 |      0.00 |    24.14 |  0.0008 |  0.0002 |  0.040
  1.20 |   extinguishing |    303.4 |   1.114 |   1.800 |   0.0000 |      0.00 |    12.74 |  0.0008 |  0.0002 |  0.040
  1.40 |   extinguishing |    301.8 |   1.134 |   1.800 |   0.0000 |      0.00 |     6.80 |  0.0008 |  0.0002 |  0.040
  1.60 |   extinguishing |    301.0 |   1.154 |   1.800 |   0.0000 |      0.00 |     3.65 |  0.0008 |  0.0002 |  0.040
  1.80 |   extinguishing |    300.5 |   1.174 |   1.800 |   0.0000 |      0.00 |     1.97 |  0.0007 |  0.0002 |  0.040
  2.00 |   extinguishing |    300.3 |   1.194 |   1.800 |   0.0000 |      0.00 |     1.06 |  0.0007 |  0.0002 |  0.040
  2.20 |   extinguishing |    300.2 |   1.214 |   1.800 |   0.0000 |      0.00 |     0.57 |  0.0007 |  0.0002 |  0.040
  2.40 |   extinguishing |    300.1 |   1.234 |   1.800 |   0.0000 |      0.00 |     0.31 |  0.0007 |  0.0002 |  0.040
  2.60 |   extinguishing |    300.0 |   1.254 |   1.800 |   0.0000 |      0.00 |     0.17 |  0.0006 |  0.0002 |  0.040
  2.80 |   extinguishing |    300.0 |   1.274 |   1.800 |   0.0000 |      0.00 |     0.09 |  0.0006 |  0.0002 |  0.040
  3.00 |   extinguishing |    300.0 |   1.294 |   1.800 |   0.0000 |      0.00 |     0.05 |  0.0006 |  0.0002 |  0.040
  3.20 |   extinguishing |    300.0 |   1.314 |   1.800 |   0.0000 |      0.00 |     0.03 |  0.0006 |  0.0002 |  0.040
  3.40 |   extinguishing |    300.0 |   1.334 |   1.800 |   0.0000 |      0.00 |     0.01 |  0.0005 |  0.0002 |  0.040
  3.60 |   extinguishing |    300.0 |   1.354 |   1.800 |   0.0000 |      0.00 |     0.01 |  0.0005 |  0.0002 |  0.040
  3.80 |   extinguishing |    300.0 |   1.374 |   1.800 |   0.0000 |      0.00 |     0.00 |  0.0005 |  0.0002 |  0.040
  4.00 |   extinguishing |    300.0 |   1.394 |   1.800 |   0.0000 |      0.00 |     0.00 |  0.0005 |  0.0002 |  0.040
  4.20 |   extinguishing |    300.0 |   1.414 |   1.800 |   0.0000 |      0.00 |     0.00 |  0.0005 |  0.0002 |  0.040
  4.40 |   extinguishing |    300.0 |   1.434 |   1.800 |   0.0000 |      0.00 |     0.00 |  0.0005 |  0.0002 |  0.040
  4.60 |   extinguishing |    300.0 |   1.454 |   1.800 |   0.0000 |      0.00 |     0.00 |  0.0004 |  0.0002 |  0.040
  4.80 |   extinguishing |    300.0 |   1.474 |   1.800 |   0.0000 |      0.00 |     0.00 |  0.0004 |  0.0002 |  0.040
  5.00 |   extinguishing |    300.0 |   1.494 |   1.800 |   0.0000 |      0.00 |     0.00 |  0.0004 |  0.0002 |  0.040
  5.20 |   extinguishing |    300.0 |   1.514 |   1.800 |   0.0000 |      0.00 |     0.00 |  0.0004 |  0.0002 |  0.040
  5.40 |   extinguishing |    300.0 |   1.534 |   1.800 |   0.0000 |      0.00 |     0.00 |  0.0004 |  0.0002 |  0.040
  5.60 |   extinguishing |    300.0 |   1.554 |   1.800 |   0.0000 |      0.00 |     0.00 |  0.0004 |  0.0002 |  0.040
  5.80 |   extinguishing |    300.0 |   1.574 |   1.800 |   0.0000 |      0.00 |     0.00 |  0.0004 |  0.0002 |  0.040
  6.00 |   extinguishing |    300.0 |   1.594 |   1.800 |   0.0000 |      0.00 |     0.00 |  0.0003 |  0.0002 |  0.040
  6.01 |   extinguishing |    300.0 |   1.595 |   1.800 |   0.0000 |      0.00 |     0.00 |  0.0003 |  0.0002 |  0.040
------------------------------------------------------------------------------------------------------------------------
Round result:
  peak temperature: 732.4 K
  final temperature: 300.0 K
  burn time: 0.04 s
  total energy released: 2.91 J
  total heat lost: 652.91 J
  fuel burned: 0.0056 normalized units
  oxygen used: 2.7055 normalized units
  peak reaction rate: 0.3332 units/s
  average heat efficiency: 0.000
  final smoke: 0.0003
  final soot: 0.0002
  extinction/end state: thermal extinction

AI controller selected next experiment: fuel rich flame

========================================================================================================================
ROUND 2: fuel-rich yellow flame
========================================================================================================================
initial fuel=1.350, initial O2=0.850, fuel_supply=0.180/s, O2_supply=0.410/s
spark=820.00 J, ignition=720.0 K, extinction=620.0 K, reaction_strength=2.10
cooling: conv=0.680, rad=2.60e-08, mix=0.100, humidity=0.18, volume=1.05
------------------------------------------------------------------------------------------------------------------------
  t(s) |           state |     T(K) |    fuel |      O2 |     rate |  power(W) |  loss(W) |   smoke |    soot |   h(m)
------------------------------------------------------------------------------------------------------------------------
  0.01 |  active burning |    780.5 |   1.347 |   0.844 |   0.5127 |    266.60 | 24603.90 |  0.0021 |  0.0004 |  0.189
  0.20 |   extinguishing |    409.1 |   1.378 |   0.916 |   0.0000 |      0.00 |   641.41 |  0.0033 |  0.0007 |  0.040
  0.40 |   extinguishing |    348.3 |   1.414 |   0.998 |   0.0000 |      0.00 |   216.92 |  0.0032 |  0.0007 |  0.040
  0.60 |   extinguishing |    324.2 |   1.450 |   1.080 |   0.0000 |      0.00 |    97.81 |  0.0030 |  0.0007 |  0.040
  0.80 |   extinguishing |    312.7 |   1.486 |   1.162 |   0.0000 |      0.00 |    48.84 |  0.0029 |  0.0007 |  0.040
  1.00 |   extinguishing |    306.8 |   1.522 |   1.244 |   0.0000 |      0.00 |    25.53 |  0.0028 |  0.0007 |  0.040
  1.20 |   extinguishing |    303.7 |   1.558 |   1.326 |   0.0000 |      0.00 |    13.66 |  0.0027 |  0.0007 |  0.040
  1.40 |   extinguishing |    302.0 |   1.594 |   1.408 |   0.0000 |      0.00 |     7.39 |  0.0026 |  0.0007 |  0.040
  1.60 |   extinguishing |    301.1 |   1.630 |   1.490 |   0.0000 |      0.00 |     4.03 |  0.0025 |  0.0007 |  0.040
  1.80 |   extinguishing |    300.6 |   1.666 |   1.572 |   0.0000 |      0.00 |     2.20 |  0.0025 |  0.0007 |  0.040
  2.00 |   extinguishing |    300.3 |   1.702 |   1.654 |   0.0000 |      0.00 |     1.20 |  0.0024 |  0.0007 |  0.040
  2.20 |   extinguishing |    300.2 |   1.738 |   1.736 |   0.0000 |      0.00 |     0.66 |  0.0023 |  0.0007 |  0.040
  2.40 |   extinguishing |    300.1 |   1.774 |   1.800 |   0.0000 |      0.00 |     0.36 |  0.0022 |  0.0007 |  0.040
  2.60 |   extinguishing |    300.1 |   1.800 |   1.800 |   0.0000 |      0.00 |     0.20 |  0.0021 |  0.0007 |  0.040
  2.80 |   extinguishing |    300.0 |   1.800 |   1.800 |   0.0000 |      0.00 |     0.11 |  0.0020 |  0.0007 |  0.040
  3.00 |   extinguishing |    300.0 |   1.800 |   1.800 |   0.0000 |      0.00 |     0.06 |  0.0020 |  0.0007 |  0.040
  3.20 |   extinguishing |    300.0 |   1.800 |   1.800 |   0.0000 |      0.00 |     0.03 |  0.0019 |  0.0007 |  0.040
  3.40 |   extinguishing |    300.0 |   1.800 |   1.800 |   0.0000 |      0.00 |     0.02 |  0.0018 |  0.0007 |  0.040
  3.60 |   extinguishing |    300.0 |   1.800 |   1.800 |   0.0000 |      0.00 |     0.01 |  0.0018 |  0.0007 |  0.040
  3.80 |   extinguishing |    300.0 |   1.800 |   1.800 |   0.0000 |      0.00 |     0.01 |  0.0017 |  0.0007 |  0.040
  4.00 |   extinguishing |    300.0 |   1.800 |   1.800 |   0.0000 |      0.00 |     0.00 |  0.0016 |  0.0007 |  0.040
  4.20 |   extinguishing |    300.0 |   1.800 |   1.800 |   0.0000 |      0.00 |     0.00 |  0.0016 |  0.0007 |  0.040
  4.40 |   extinguishing |    300.0 |   1.800 |   1.800 |   0.0000 |      0.00 |     0.00 |  0.0015 |  0.0007 |  0.040
  4.60 |   extinguishing |    300.0 |   1.800 |   1.800 |   0.0000 |      0.00 |     0.00 |  0.0015 |  0.0007 |  0.040
  4.80 |   extinguishing |    300.0 |   1.800 |   1.800 |   0.0000 |      0.00 |     0.00 |  0.0014 |  0.0007 |  0.040
  5.00 |   extinguishing |    300.0 |   1.800 |   1.800 |   0.0000 |      0.00 |     0.00 |  0.0014 |  0.0007 |  0.040
  5.20 |   extinguishing |    300.0 |   1.800 |   1.800 |   0.0000 |      0.00 |     0.00 |  0.0013 |  0.0007 |  0.040
  5.40 |   extinguishing |    300.0 |   1.800 |   1.800 |   0.0000 |      0.00 |     0.00 |  0.0013 |  0.0007 |  0.040
  5.60 |   extinguishing |    300.0 |   1.800 |   1.800 |   0.0000 |      0.00 |     0.00 |  0.0012 |  0.0007 |  0.040
  5.80 |   extinguishing |    300.0 |   1.800 |   1.800 |   0.0000 |      0.00 |     0.00 |  0.0012 |  0.0007 |  0.040
  6.00 |   extinguishing |    300.0 |   1.800 |   1.800 |   0.0000 |      0.00 |     0.00 |  0.0012 |  0.0007 |  0.040
  6.01 |   extinguishing |    300.0 |   1.800 |   1.800 |   0.0000 |      0.00 |     0.00 |  0.0011 |  0.0007 |  0.040
------------------------------------------------------------------------------------------------------------------------
Round result:
  peak temperature: 780.5 K
  final temperature: 300.0 K
  burn time: 0.04 s
  total energy released: 4.12 J
  total heat lost: 824.12 J
  fuel burned: 0.0079 normalized units
  oxygen used: 1.5141 normalized units
  peak reaction rate: 0.5127 units/s
  average heat efficiency: 0.000
  final smoke: 0.0011
  final soot: 0.0007
  extinction/end state: thermal extinction

AI controller selected next experiment: oxygen poor flame

========================================================================================================================
ROUND 3: oxygen-starved flame
========================================================================================================================
initial fuel=1.050, initial O2=0.420, fuel_supply=0.120/s, O2_supply=0.220/s
spark=760.00 J, ignition=720.0 K, extinction=620.0 K, reaction_strength=1.90
cooling: conv=0.720, rad=2.60e-08, mix=0.070, humidity=0.24, volume=1.00
------------------------------------------------------------------------------------------------------------------------
  t(s) |           state |     T(K) |    fuel |      O2 |     rate |  power(W) |  loss(W) |   smoke |    soot |   h(m)
------------------------------------------------------------------------------------------------------------------------
  0.01 |    weak burning |    767.4 |   1.050 |   0.419 |   0.1587 |     82.54 | 19990.17 |  0.0012 |  0.0002 |  0.091
  0.20 |   extinguishing |    408.3 |   1.071 |   0.459 |   0.0000 |      0.00 |   635.05 |  0.0019 |  0.0004 |  0.040
  0.40 |   extinguishing |    348.0 |   1.095 |   0.503 |   0.0000 |      0.00 |   215.49 |  0.0018 |  0.0004 |  0.040
  0.60 |   extinguishing |    324.0 |   1.119 |   0.547 |   0.0000 |      0.00 |    97.22 |  0.0018 |  0.0004 |  0.040
  0.80 |   extinguishing |    312.6 |   1.143 |   0.591 |   0.0000 |      0.00 |    48.54 |  0.0017 |  0.0004 |  0.040
  1.00 |   extinguishing |    306.7 |   1.167 |   0.635 |   0.0000 |      0.00 |    25.37 |  0.0016 |  0.0004 |  0.040
  1.20 |   extinguishing |    303.6 |   1.191 |   0.679 |   0.0000 |      0.00 |    13.56 |  0.0016 |  0.0004 |  0.040
  1.40 |   extinguishing |    302.0 |   1.215 |   0.723 |   0.0000 |      0.00 |     7.33 |  0.0015 |  0.0004 |  0.040
  1.60 |   extinguishing |    301.1 |   1.239 |   0.767 |   0.0000 |      0.00 |     3.99 |  0.0015 |  0.0004 |  0.040
  1.80 |   extinguishing |    300.6 |   1.263 |   0.811 |   0.0000 |      0.00 |     2.18 |  0.0014 |  0.0004 |  0.040
  2.00 |   extinguishing |    300.3 |   1.287 |   0.855 |   0.0000 |      0.00 |     1.19 |  0.0014 |  0.0004 |  0.040
  2.20 |   extinguishing |    300.2 |   1.311 |   0.899 |   0.0000 |      0.00 |     0.65 |  0.0013 |  0.0004 |  0.040
  2.40 |   extinguishing |    300.1 |   1.335 |   0.943 |   0.0000 |      0.00 |     0.36 |  0.0013 |  0.0004 |  0.040
  2.60 |   extinguishing |    300.1 |   1.359 |   0.987 |   0.0000 |      0.00 |     0.20 |  0.0012 |  0.0004 |  0.040
  2.80 |   extinguishing |    300.0 |   1.383 |   1.031 |   0.0000 |      0.00 |     0.11 |  0.0012 |  0.0004 |  0.040
  3.00 |   extinguishing |    300.0 |   1.407 |   1.075 |   0.0000 |      0.00 |     0.06 |  0.0011 |  0.0004 |  0.040
  3.20 |   extinguishing |    300.0 |   1.431 |   1.119 |   0.0000 |      0.00 |     0.03 |  0.0011 |  0.0004 |  0.040
  3.40 |   extinguishing |    300.0 |   1.455 |   1.163 |   0.0000 |      0.00 |     0.02 |  0.0011 |  0.0004 |  0.040
  3.60 |   extinguishing |    300.0 |   1.479 |   1.207 |   0.0000 |      0.00 |     0.01 |  0.0010 |  0.0004 |  0.040
  3.80 |   extinguishing |    300.0 |   1.503 |   1.251 |   0.0000 |      0.00 |     0.01 |  0.0010 |  0.0004 |  0.040
  4.00 |   extinguishing |    300.0 |   1.527 |   1.295 |   0.0000 |      0.00 |     0.00 |  0.0010 |  0.0004 |  0.040
  4.20 |   extinguishing |    300.0 |   1.551 |   1.339 |   0.0000 |      0.00 |     0.00 |  0.0009 |  0.0004 |  0.040
  4.40 |   extinguishing |    300.0 |   1.575 |   1.383 |   0.0000 |      0.00 |     0.00 |  0.0009 |  0.0004 |  0.040
  4.60 |   extinguishing |    300.0 |   1.599 |   1.427 |   0.0000 |      0.00 |     0.00 |  0.0009 |  0.0004 |  0.040
  4.80 |   extinguishing |    300.0 |   1.623 |   1.471 |   0.0000 |      0.00 |     0.00 |  0.0008 |  0.0004 |  0.040
  5.00 |   extinguishing |    300.0 |   1.647 |   1.515 |   0.0000 |      0.00 |     0.00 |  0.0008 |  0.0004 |  0.040
  5.20 |   extinguishing |    300.0 |   1.671 |   1.559 |   0.0000 |      0.00 |     0.00 |  0.0008 |  0.0004 |  0.040
  5.40 |   extinguishing |    300.0 |   1.695 |   1.603 |   0.0000 |      0.00 |     0.00 |  0.0007 |  0.0004 |  0.040
  5.60 |   extinguishing |    300.0 |   1.719 |   1.647 |   0.0000 |      0.00 |     0.00 |  0.0007 |  0.0004 |  0.040
  5.80 |   extinguishing |    300.0 |   1.743 |   1.691 |   0.0000 |      0.00 |     0.00 |  0.0007 |  0.0004 |  0.040
  6.00 |   extinguishing |    300.0 |   1.767 |   1.735 |   0.0000 |      0.00 |     0.00 |  0.0007 |  0.0004 |  0.040
  6.01 |   extinguishing |    300.0 |   1.769 |   1.737 |   0.0000 |      0.00 |     0.00 |  0.0007 |  0.0004 |  0.040
------------------------------------------------------------------------------------------------------------------------
Round result:
  peak temperature: 767.4 K
  final temperature: 300.0 K
  burn time: 0.04 s
  total energy released: 1.32 J
  total heat lost: 761.32 J
  fuel burned: 0.0025 normalized units
  oxygen used: 0.0051 normalized units
  peak reaction rate: 0.1587 units/s
  average heat efficiency: 0.000
  final smoke: 0.0007
  final soot: 0.0004
  extinction/end state: thermal extinction

AI controller selected next experiment: strong airflow flame

========================================================================================================================
ROUND 4: airflow-stretched flame
========================================================================================================================
initial fuel=0.950, initial O2=1.350, fuel_supply=0.110/s, O2_supply=0.930/s
spark=800.00 J, ignition=720.0 K, extinction=620.0 K, reaction_strength=2.80
cooling: conv=1.050, rad=2.60e-08, mix=0.280, humidity=0.16, volume=1.10
------------------------------------------------------------------------------------------------------------------------
  t(s) |           state |     T(K) |    fuel |      O2 |     rate |  power(W) |  loss(W) |   smoke |    soot |   h(m)
------------------------------------------------------------------------------------------------------------------------
  0.01 |  active burning |    774.7 |   0.944 |   1.346 |   0.6655 |    346.08 | 23386.38 |  0.0009 |  0.0002 |  0.216
  0.20 |   extinguishing |    401.1 |   0.962 |   1.515 |   0.0000 |      0.00 |   641.99 |  0.0014 |  0.0003 |  0.040
  0.40 |   extinguishing |    341.3 |   0.984 |   1.701 |   0.0000 |      0.00 |   207.13 |  0.0013 |  0.0003 |  0.040
  0.60 |   extinguishing |    318.9 |   1.006 |   1.800 |   0.0000 |      0.00 |    87.31 |  0.0013 |  0.0003 |  0.040
  0.80 |   extinguishing |    309.1 |   1.028 |   1.800 |   0.0000 |      0.00 |    40.24 |  0.0013 |  0.0003 |  0.040
  1.00 |   extinguishing |    304.4 |   1.050 |   1.800 |   0.0000 |      0.00 |    19.26 |  0.0012 |  0.0003 |  0.040
  1.20 |   extinguishing |    302.2 |   1.072 |   1.800 |   0.0000 |      0.00 |     9.38 |  0.0012 |  0.0003 |  0.040
  1.40 |   extinguishing |    301.1 |   1.094 |   1.800 |   0.0000 |      0.00 |     4.60 |  0.0011 |  0.0003 |  0.040
  1.60 |   extinguishing |    300.5 |   1.116 |   1.800 |   0.0000 |      0.00 |     2.27 |  0.0011 |  0.0003 |  0.040
  1.80 |   extinguishing |    300.3 |   1.138 |   1.800 |   0.0000 |      0.00 |     1.12 |  0.0010 |  0.0003 |  0.040
  2.00 |   extinguishing |    300.1 |   1.160 |   1.800 |   0.0000 |      0.00 |     0.55 |  0.0010 |  0.0003 |  0.040
  2.20 |   extinguishing |    300.1 |   1.182 |   1.800 |   0.0000 |      0.00 |     0.27 |  0.0010 |  0.0003 |  0.040
  2.40 |   extinguishing |    300.0 |   1.204 |   1.800 |   0.0000 |      0.00 |     0.14 |  0.0009 |  0.0003 |  0.040
  2.60 |   extinguishing |    300.0 |   1.226 |   1.800 |   0.0000 |      0.00 |     0.07 |  0.0009 |  0.0003 |  0.040
  2.80 |   extinguishing |    300.0 |   1.248 |   1.800 |   0.0000 |      0.00 |     0.03 |  0.0009 |  0.0003 |  0.040
  3.00 |   extinguishing |    300.0 |   1.270 |   1.800 |   0.0000 |      0.00 |     0.02 |  0.0008 |  0.0003 |  0.040
  3.20 |   extinguishing |    300.0 |   1.292 |   1.800 |   0.0000 |      0.00 |     0.01 |  0.0008 |  0.0003 |  0.040
  3.40 |   extinguishing |    300.0 |   1.314 |   1.800 |   0.0000 |      0.00 |     0.00 |  0.0008 |  0.0003 |  0.040
  3.60 |   extinguishing |    300.0 |   1.336 |   1.800 |   0.0000 |      0.00 |     0.00 |  0.0008 |  0.0003 |  0.040
  3.80 |   extinguishing |    300.0 |   1.358 |   1.800 |   0.0000 |      0.00 |     0.00 |  0.0007 |  0.0003 |  0.040
  4.00 |   extinguishing |    300.0 |   1.380 |   1.800 |   0.0000 |      0.00 |     0.00 |  0.0007 |  0.0003 |  0.040
  4.20 |   extinguishing |    300.0 |   1.402 |   1.800 |   0.0000 |      0.00 |     0.00 |  0.0007 |  0.0003 |  0.040
  4.40 |   extinguishing |    300.0 |   1.424 |   1.800 |   0.0000 |      0.00 |     0.00 |  0.0007 |  0.0003 |  0.040
  4.60 |   extinguishing |    300.0 |   1.446 |   1.800 |   0.0000 |      0.00 |     0.00 |  0.0006 |  0.0003 |  0.040
  4.80 |   extinguishing |    300.0 |   1.468 |   1.800 |   0.0000 |      0.00 |     0.00 |  0.0006 |  0.0003 |  0.040
  5.00 |   extinguishing |    300.0 |   1.490 |   1.800 |   0.0000 |      0.00 |     0.00 |  0.0006 |  0.0003 |  0.040
  5.20 |   extinguishing |    300.0 |   1.512 |   1.800 |   0.0000 |      0.00 |     0.00 |  0.0006 |  0.0003 |  0.040
  5.40 |   extinguishing |    300.0 |   1.534 |   1.800 |   0.0000 |      0.00 |     0.00 |  0.0005 |  0.0003 |  0.040
  5.60 |   extinguishing |    300.0 |   1.556 |   1.800 |   0.0000 |      0.00 |     0.00 |  0.0005 |  0.0003 |  0.040
  5.80 |   extinguishing |    300.0 |   1.578 |   1.800 |   0.0000 |      0.00 |     0.00 |  0.0005 |  0.0003 |  0.040
  6.00 |   extinguishing |    300.0 |   1.600 |   1.800 |   0.0000 |      0.00 |     0.00 |  0.0005 |  0.0003 |  0.040
  6.01 |   extinguishing |    300.0 |   1.601 |   1.800 |   0.0000 |      0.00 |     0.00 |  0.0005 |  0.0003 |  0.040
------------------------------------------------------------------------------------------------------------------------
Round result:
  peak temperature: 774.7 K
  final temperature: 300.0 K
  burn time: 0.04 s
  total energy released: 5.37 J
  total heat lost: 805.37 J
  fuel burned: 0.0103 normalized units
  oxygen used: 5.1393 normalized units
  peak reaction rate: 0.6655 units/s
  average heat efficiency: 0.000
  final smoke: 0.0005
  final soot: 0.0003
  extinction/end state: thermal extinction

AI controller selected next experiment: humid weak ignition

========================================================================================================================
ROUND 5: humid weak ignition
========================================================================================================================
initial fuel=0.900, initial O2=1.000, fuel_supply=0.080/s, O2_supply=0.530/s
spark=550.00 J, ignition=720.0 K, extinction=620.0 K, reaction_strength=1.85
cooling: conv=0.820, rad=2.60e-08, mix=0.150, humidity=0.70, volume=1.00
------------------------------------------------------------------------------------------------------------------------
  t(s) |           state |     T(K) |    fuel |      O2 |     rate |  power(W) |  loss(W) |   smoke |    soot |   h(m)
------------------------------------------------------------------------------------------------------------------------
  0.01 |    hot but slow |    685.2 |   0.900 |   1.004 |   0.0479 |     24.88 |  8805.50 |  0.0001 |  0.0000 |  0.078
  0.20 |   extinguishing |    400.8 |   0.915 |   1.103 |   0.0000 |      0.00 |   590.02 |  0.0004 |  0.0001 |  0.040
  0.40 |   extinguishing |    344.1 |   0.931 |   1.209 |   0.0000 |      0.00 |   202.97 |  0.0004 |  0.0001 |  0.040
  0.60 |   extinguishing |    321.6 |   0.947 |   1.315 |   0.0000 |      0.00 |    90.64 |  0.0004 |  0.0001 |  0.040
  0.80 |   extinguishing |    311.1 |   0.963 |   1.421 |   0.0000 |      0.00 |    44.43 |  0.0004 |  0.0001 |  0.040
  1.00 |   extinguishing |    305.8 |   0.979 |   1.527 |   0.0000 |      0.00 |    22.70 |  0.0003 |  0.0001 |  0.040
  1.20 |   extinguishing |    303.0 |   0.995 |   1.633 |   0.0000 |      0.00 |    11.84 |  0.0003 |  0.0001 |  0.040
  1.40 |   extinguishing |    301.6 |   1.011 |   1.739 |   0.0000 |      0.00 |     6.23 |  0.0003 |  0.0001 |  0.040
  1.60 |   extinguishing |    300.9 |   1.027 |   1.800 |   0.0000 |      0.00 |     3.30 |  0.0003 |  0.0001 |  0.040
  1.80 |   extinguishing |    300.5 |   1.043 |   1.800 |   0.0000 |      0.00 |     1.75 |  0.0003 |  0.0001 |  0.040
  2.00 |   extinguishing |    300.2 |   1.059 |   1.800 |   0.0000 |      0.00 |     0.93 |  0.0003 |  0.0001 |  0.040
  2.20 |   extinguishing |    300.1 |   1.075 |   1.800 |   0.0000 |      0.00 |     0.50 |  0.0003 |  0.0001 |  0.040
  2.40 |   extinguishing |    300.1 |   1.091 |   1.800 |   0.0000 |      0.00 |     0.26 |  0.0003 |  0.0001 |  0.040
  2.60 |   extinguishing |    300.0 |   1.107 |   1.800 |   0.0000 |      0.00 |     0.14 |  0.0003 |  0.0001 |  0.040
  2.80 |   extinguishing |    300.0 |   1.123 |   1.800 |   0.0000 |      0.00 |     0.07 |  0.0003 |  0.0001 |  0.040
  3.00 |   extinguishing |    300.0 |   1.139 |   1.800 |   0.0000 |      0.00 |     0.04 |  0.0002 |  0.0001 |  0.040
  3.20 |   extinguishing |    300.0 |   1.155 |   1.800 |   0.0000 |      0.00 |     0.02 |  0.0002 |  0.0001 |  0.040
  3.40 |   extinguishing |    300.0 |   1.171 |   1.800 |   0.0000 |      0.00 |     0.01 |  0.0002 |  0.0001 |  0.040
  3.60 |   extinguishing |    300.0 |   1.187 |   1.800 |   0.0000 |      0.00 |     0.01 |  0.0002 |  0.0001 |  0.040
  3.80 |   extinguishing |    300.0 |   1.203 |   1.800 |   0.0000 |      0.00 |     0.00 |  0.0002 |  0.0001 |  0.040
  4.00 |   extinguishing |    300.0 |   1.219 |   1.800 |   0.0000 |      0.00 |     0.00 |  0.0002 |  0.0001 |  0.040
  4.20 |   extinguishing |    300.0 |   1.235 |   1.800 |   0.0000 |      0.00 |     0.00 |  0.0002 |  0.0001 |  0.040
  4.40 |   extinguishing |    300.0 |   1.251 |   1.800 |   0.0000 |      0.00 |     0.00 |  0.0002 |  0.0001 |  0.040
  4.60 |   extinguishing |    300.0 |   1.267 |   1.800 |   0.0000 |      0.00 |     0.00 |  0.0002 |  0.0001 |  0.040
  4.80 |   extinguishing |    300.0 |   1.283 |   1.800 |   0.0000 |      0.00 |     0.00 |  0.0002 |  0.0001 |  0.040
  5.00 |   extinguishing |    300.0 |   1.299 |   1.800 |   0.0000 |      0.00 |     0.00 |  0.0002 |  0.0001 |  0.040
  5.20 |   extinguishing |    300.0 |   1.315 |   1.800 |   0.0000 |      0.00 |     0.00 |  0.0002 |  0.0001 |  0.040
  5.40 |   extinguishing |    300.0 |   1.331 |   1.800 |   0.0000 |      0.00 |     0.00 |  0.0002 |  0.0001 |  0.040
  5.60 |   extinguishing |    300.0 |   1.347 |   1.800 |   0.0000 |      0.00 |     0.00 |  0.0002 |  0.0001 |  0.040
  5.80 |   extinguishing |    300.0 |   1.363 |   1.800 |   0.0000 |      0.00 |     0.00 |  0.0001 |  0.0001 |  0.040
  6.00 |   extinguishing |    300.0 |   1.379 |   1.800 |   0.0000 |      0.00 |     0.00 |  0.0001 |  0.0001 |  0.040
  6.01 |   extinguishing |    300.0 |   1.379 |   1.800 |   0.0000 |      0.00 |     0.00 |  0.0001 |  0.0001 |  0.040
------------------------------------------------------------------------------------------------------------------------
Round result:
  peak temperature: 685.2 K
  final temperature: 300.0 K
  burn time: 0.03 s
  total energy released: 0.69 J
  total heat lost: 550.69 J
  fuel burned: 0.0013 normalized units
  oxygen used: 2.3853 normalized units
  peak reaction rate: 0.0479 units/s
  average heat efficiency: 0.000
  final smoke: 0.0001
  final soot: 0.0001
  extinction/end state: thermal extinction

AI controller selected next experiment: high cooling test

========================================================================================================================
ROUND 6: high cooling flame
========================================================================================================================
initial fuel=1.100, initial O2=1.200, fuel_supply=0.100/s, O2_supply=0.630/s
spark=830.00 J, ignition=720.0 K, extinction=620.0 K, reaction_strength=2.30
cooling: conv=1.450, rad=2.60e-08, mix=0.350, humidity=0.25, volume=1.15
------------------------------------------------------------------------------------------------------------------------
  t(s) |           state |     T(K) |    fuel |      O2 |     rate |  power(W) |  loss(W) |   smoke |    soot |   h(m)
------------------------------------------------------------------------------------------------------------------------
  0.01 |  active burning |    776.4 |   1.096 |   1.196 |   0.5341 |    277.74 | 26113.14 |  0.0010 |  0.0002 |  0.201
  0.20 |   extinguishing |    396.7 |   1.112 |   1.310 |   0.0000 |      0.00 |   642.45 |  0.0015 |  0.0003 |  0.040
  0.40 |   extinguishing |    337.6 |   1.132 |   1.436 |   0.0000 |      0.00 |   200.61 |  0.0015 |  0.0003 |  0.040
  0.60 |   extinguishing |    316.3 |   1.152 |   1.562 |   0.0000 |      0.00 |    80.89 |  0.0014 |  0.0003 |  0.040
  0.80 |   extinguishing |    307.4 |   1.172 |   1.688 |   0.0000 |      0.00 |    35.41 |  0.0014 |  0.0003 |  0.040
  1.00 |   extinguishing |    303.4 |   1.192 |   1.800 |   0.0000 |      0.00 |    16.02 |  0.0013 |  0.0003 |  0.040
  1.20 |   extinguishing |    301.6 |   1.212 |   1.800 |   0.0000 |      0.00 |     7.35 |  0.0013 |  0.0003 |  0.040
  1.40 |   extinguishing |    300.7 |   1.232 |   1.800 |   0.0000 |      0.00 |     3.40 |  0.0012 |  0.0003 |  0.040
  1.60 |   extinguishing |    300.3 |   1.252 |   1.800 |   0.0000 |      0.00 |     1.57 |  0.0012 |  0.0003 |  0.040
  1.80 |   extinguishing |    300.2 |   1.272 |   1.800 |   0.0000 |      0.00 |     0.73 |  0.0011 |  0.0003 |  0.040
  2.00 |   extinguishing |    300.1 |   1.292 |   1.800 |   0.0000 |      0.00 |     0.34 |  0.0011 |  0.0003 |  0.040
  2.20 |   extinguishing |    300.0 |   1.312 |   1.800 |   0.0000 |      0.00 |     0.16 |  0.0011 |  0.0003 |  0.040
  2.40 |   extinguishing |    300.0 |   1.332 |   1.800 |   0.0000 |      0.00 |     0.07 |  0.0010 |  0.0003 |  0.040
  2.60 |   extinguishing |    300.0 |   1.352 |   1.800 |   0.0000 |      0.00 |     0.03 |  0.0010 |  0.0003 |  0.040
  2.80 |   extinguishing |    300.0 |   1.372 |   1.800 |   0.0000 |      0.00 |     0.02 |  0.0010 |  0.0003 |  0.040
  3.00 |   extinguishing |    300.0 |   1.392 |   1.800 |   0.0000 |      0.00 |     0.01 |  0.0009 |  0.0003 |  0.040
  3.20 |   extinguishing |    300.0 |   1.412 |   1.800 |   0.0000 |      0.00 |     0.00 |  0.0009 |  0.0003 |  0.040
  3.40 |   extinguishing |    300.0 |   1.432 |   1.800 |   0.0000 |      0.00 |     0.00 |  0.0009 |  0.0003 |  0.040
  3.60 |   extinguishing |    300.0 |   1.452 |   1.800 |   0.0000 |      0.00 |     0.00 |  0.0008 |  0.0003 |  0.040
  3.80 |   extinguishing |    300.0 |   1.472 |   1.800 |   0.0000 |      0.00 |     0.00 |  0.0008 |  0.0003 |  0.040
  4.00 |   extinguishing |    300.0 |   1.492 |   1.800 |   0.0000 |      0.00 |     0.00 |  0.0008 |  0.0003 |  0.040
  4.20 |   extinguishing |    300.0 |   1.512 |   1.800 |   0.0000 |      0.00 |     0.00 |  0.0007 |  0.0003 |  0.040
  4.40 |   extinguishing |    300.0 |   1.532 |   1.800 |   0.0000 |      0.00 |     0.00 |  0.0007 |  0.0003 |  0.040
  4.60 |   extinguishing |    300.0 |   1.552 |   1.800 |   0.0000 |      0.00 |     0.00 |  0.0007 |  0.0003 |  0.040
  4.80 |   extinguishing |    300.0 |   1.572 |   1.800 |   0.0000 |      0.00 |     0.00 |  0.0007 |  0.0003 |  0.040
  5.00 |   extinguishing |    300.0 |   1.592 |   1.800 |   0.0000 |      0.00 |     0.00 |  0.0006 |  0.0003 |  0.040
  5.20 |   extinguishing |    300.0 |   1.612 |   1.800 |   0.0000 |      0.00 |     0.00 |  0.0006 |  0.0003 |  0.040
  5.40 |   extinguishing |    300.0 |   1.632 |   1.800 |   0.0000 |      0.00 |     0.00 |  0.0006 |  0.0003 |  0.040
  5.60 |   extinguishing |    300.0 |   1.652 |   1.800 |   0.0000 |      0.00 |     0.00 |  0.0006 |  0.0003 |  0.040
  5.80 |   extinguishing |    300.0 |   1.672 |   1.800 |   0.0000 |      0.00 |     0.00 |  0.0006 |  0.0003 |  0.040
  6.00 |   extinguishing |    300.0 |   1.692 |   1.800 |   0.0000 |      0.00 |     0.00 |  0.0005 |  0.0003 |  0.040
  6.01 |   extinguishing |    300.0 |   1.693 |   1.800 |   0.0000 |      0.00 |     0.00 |  0.0005 |  0.0003 |  0.040
------------------------------------------------------------------------------------------------------------------------
Round result:
  peak temperature: 776.4 K
  final temperature: 300.0 K
  burn time: 0.04 s
  total energy released: 4.21 J
  total heat lost: 834.21 J
  fuel burned: 0.0081 normalized units
  oxygen used: 3.1863 normalized units
  peak reaction rate: 0.5341 units/s
  average heat efficiency: 0.000
  final smoke: 0.0005
  final soot: 0.0003
  extinction/end state: thermal extinction

AI controller selected next experiment: hot efficient flame

========================================================================================================================
ROUND 7: hot blue efficient flame
========================================================================================================================
initial fuel=1.050, initial O2=1.600, fuel_supply=0.130/s, O2_supply=1.030/s
spark=880.00 J, ignition=720.0 K, extinction=620.0 K, reaction_strength=3.20
cooling: conv=0.700, rad=2.60e-08, mix=0.160, humidity=0.08, volume=1.00
------------------------------------------------------------------------------------------------------------------------
  t(s) |           state |     T(K) |    fuel |      O2 |     rate |  power(W) |  loss(W) |   smoke |    soot |   h(m)
------------------------------------------------------------------------------------------------------------------------
  0.01 |  active burning |    789.3 |   1.036 |   1.580 |   1.5354 |    798.40 | 30082.72 |  0.0010 |  0.0002 |  0.356
  0.20 |   extinguishing |    407.8 |   1.053 |   1.760 |   0.0000 |      0.00 |   647.77 |  0.0016 |  0.0003 |  0.040
  0.40 |   extinguishing |    346.7 |   1.079 |   1.800 |   0.0000 |      0.00 |   216.00 |  0.0015 |  0.0003 |  0.040
  0.60 |   extinguishing |    322.9 |   1.105 |   1.800 |   0.0000 |      0.00 |    95.78 |  0.0014 |  0.0003 |  0.040
  0.80 |   extinguishing |    311.7 |   1.131 |   1.800 |   0.0000 |      0.00 |    46.92 |  0.0014 |  0.0003 |  0.040
  1.00 |   extinguishing |    306.1 |   1.157 |   1.800 |   0.0000 |      0.00 |    24.01 |  0.0013 |  0.0003 |  0.040
  1.20 |   extinguishing |    303.3 |   1.183 |   1.800 |   0.0000 |      0.00 |    12.56 |  0.0013 |  0.0003 |  0.040
  1.40 |   extinguishing |    301.7 |   1.209 |   1.800 |   0.0000 |      0.00 |     6.64 |  0.0013 |  0.0003 |  0.040
  1.60 |   extinguishing |    300.9 |   1.235 |   1.800 |   0.0000 |      0.00 |     3.53 |  0.0012 |  0.0003 |  0.040
  1.80 |   extinguishing |    300.5 |   1.261 |   1.800 |   0.0000 |      0.00 |     1.88 |  0.0012 |  0.0003 |  0.040
  2.00 |   extinguishing |    300.3 |   1.287 |   1.800 |   0.0000 |      0.00 |     1.01 |  0.0011 |  0.0003 |  0.040
  2.20 |   extinguishing |    300.1 |   1.313 |   1.800 |   0.0000 |      0.00 |     0.54 |  0.0011 |  0.0003 |  0.040
  2.40 |   extinguishing |    300.1 |   1.339 |   1.800 |   0.0000 |      0.00 |     0.29 |  0.0010 |  0.0003 |  0.040
  2.60 |   extinguishing |    300.0 |   1.365 |   1.800 |   0.0000 |      0.00 |     0.15 |  0.0010 |  0.0003 |  0.040
  2.80 |   extinguishing |    300.0 |   1.391 |   1.800 |   0.0000 |      0.00 |     0.08 |  0.0010 |  0.0003 |  0.040
  3.00 |   extinguishing |    300.0 |   1.417 |   1.800 |   0.0000 |      0.00 |     0.04 |  0.0009 |  0.0003 |  0.040
  3.20 |   extinguishing |    300.0 |   1.443 |   1.800 |   0.0000 |      0.00 |     0.02 |  0.0009 |  0.0003 |  0.040
  3.40 |   extinguishing |    300.0 |   1.469 |   1.800 |   0.0000 |      0.00 |     0.01 |  0.0009 |  0.0003 |  0.040
  3.60 |   extinguishing |    300.0 |   1.495 |   1.800 |   0.0000 |      0.00 |     0.01 |  0.0008 |  0.0003 |  0.040
  3.80 |   extinguishing |    300.0 |   1.521 |   1.800 |   0.0000 |      0.00 |     0.00 |  0.0008 |  0.0003 |  0.040
  4.00 |   extinguishing |    300.0 |   1.547 |   1.800 |   0.0000 |      0.00 |     0.00 |  0.0008 |  0.0003 |  0.040
  4.20 |   extinguishing |    300.0 |   1.573 |   1.800 |   0.0000 |      0.00 |     0.00 |  0.0008 |  0.0003 |  0.040
  4.40 |   extinguishing |    300.0 |   1.599 |   1.800 |   0.0000 |      0.00 |     0.00 |  0.0007 |  0.0003 |  0.040
  4.60 |   extinguishing |    300.0 |   1.625 |   1.800 |   0.0000 |      0.00 |     0.00 |  0.0007 |  0.0003 |  0.040
  4.80 |   extinguishing |    300.0 |   1.651 |   1.800 |   0.0000 |      0.00 |     0.00 |  0.0007 |  0.0003 |  0.040
  5.00 |   extinguishing |    300.0 |   1.677 |   1.800 |   0.0000 |      0.00 |     0.00 |  0.0007 |  0.0003 |  0.040
  5.20 |   extinguishing |    300.0 |   1.703 |   1.800 |   0.0000 |      0.00 |     0.00 |  0.0006 |  0.0003 |  0.040
  5.40 |   extinguishing |    300.0 |   1.729 |   1.800 |   0.0000 |      0.00 |     0.00 |  0.0006 |  0.0003 |  0.040
  5.60 |   extinguishing |    300.0 |   1.755 |   1.800 |   0.0000 |      0.00 |     0.00 |  0.0006 |  0.0003 |  0.040
  5.80 |   extinguishing |    300.0 |   1.781 |   1.800 |   0.0000 |      0.00 |     0.00 |  0.0006 |  0.0003 |  0.040
  6.00 |   extinguishing |    300.0 |   1.800 |   1.800 |   0.0000 |      0.00 |     0.00 |  0.0005 |  0.0003 |  0.040
  6.01 |   extinguishing |    300.0 |   1.800 |   1.800 |   0.0000 |      0.00 |     0.00 |  0.0005 |  0.0003 |  0.040
------------------------------------------------------------------------------------------------------------------------
Round result:
  peak temperature: 789.3 K
  final temperature: 300.0 K
  burn time: 0.04 s
  total energy released: 11.94 J
  total heat lost: 891.94 J
  fuel burned: 0.0230 normalized units
  oxygen used: 5.9903 normalized units
  peak reaction rate: 1.5354 units/s
  average heat efficiency: 0.000
  final smoke: 0.0005
  final soot: 0.0003
  extinction/end state: thermal extinction

AI controller selected next experiment: small chamber flash

========================================================================================================================
ROUND 8: small chamber flash
========================================================================================================================
initial fuel=1.250, initial O2=1.250, fuel_supply=0.020/s, O2_supply=0.110/s
spark=940.00 J, ignition=720.0 K, extinction=620.0 K, reaction_strength=4.20
cooling: conv=0.950, rad=2.60e-08, mix=0.050, humidity=0.10, volume=0.55
------------------------------------------------------------------------------------------------------------------------
  t(s) |           state |     T(K) |    fuel |      O2 |     rate |  power(W) |  loss(W) |   smoke |    soot |   h(m)
------------------------------------------------------------------------------------------------------------------------
  0.01 |  active burning |    810.3 |   1.181 |   1.113 |   6.8888 |   3582.18 | 36350.10 |  0.0146 |  0.0028 |  0.623
  0.20 |   extinguishing |    408.8 |   1.156 |   1.077 |   0.0000 |      0.00 |   665.05 |  0.0216 |  0.0043 |  0.040
  0.40 |   extinguishing |    346.5 |   1.160 |   1.099 |   0.0000 |      0.00 |   218.48 |  0.0208 |  0.0043 |  0.040
  0.60 |   extinguishing |    322.5 |   1.164 |   1.121 |   0.0000 |      0.00 |    95.87 |  0.0201 |  0.0043 |  0.040
  0.80 |   extinguishing |    311.4 |   1.168 |   1.143 |   0.0000 |      0.00 |    46.48 |  0.0193 |  0.0043 |  0.040
  1.00 |   extinguishing |    305.9 |   1.172 |   1.165 |   0.0000 |      0.00 |    23.53 |  0.0187 |  0.0043 |  0.040
  1.20 |   extinguishing |    303.1 |   1.176 |   1.187 |   0.0000 |      0.00 |    12.17 |  0.0180 |  0.0043 |  0.040
  1.40 |   extinguishing |    301.6 |   1.180 |   1.209 |   0.0000 |      0.00 |     6.36 |  0.0174 |  0.0043 |  0.040
  1.60 |   extinguishing |    300.9 |   1.184 |   1.231 |   0.0000 |      0.00 |     3.34 |  0.0168 |  0.0043 |  0.040
  1.80 |   extinguishing |    300.5 |   1.188 |   1.253 |   0.0000 |      0.00 |     1.76 |  0.0162 |  0.0043 |  0.040
  2.00 |   extinguishing |    300.2 |   1.192 |   1.275 |   0.0000 |      0.00 |     0.93 |  0.0156 |  0.0043 |  0.040
  2.20 |   extinguishing |    300.1 |   1.196 |   1.297 |   0.0000 |      0.00 |     0.49 |  0.0150 |  0.0043 |  0.040
  2.40 |   extinguishing |    300.1 |   1.200 |   1.319 |   0.0000 |      0.00 |     0.26 |  0.0145 |  0.0043 |  0.040
  2.60 |   extinguishing |    300.0 |   1.204 |   1.341 |   0.0000 |      0.00 |     0.14 |  0.0140 |  0.0043 |  0.040
  2.80 |   extinguishing |    300.0 |   1.208 |   1.363 |   0.0000 |      0.00 |     0.07 |  0.0135 |  0.0043 |  0.040
  3.00 |   extinguishing |    300.0 |   1.212 |   1.385 |   0.0000 |      0.00 |     0.04 |  0.0130 |  0.0043 |  0.040
  3.20 |   extinguishing |    300.0 |   1.216 |   1.407 |   0.0000 |      0.00 |     0.02 |  0.0126 |  0.0043 |  0.040
  3.40 |   extinguishing |    300.0 |   1.220 |   1.429 |   0.0000 |      0.00 |     0.01 |  0.0121 |  0.0043 |  0.040
  3.60 |   extinguishing |    300.0 |   1.224 |   1.451 |   0.0000 |      0.00 |     0.01 |  0.0117 |  0.0043 |  0.040
  3.80 |   extinguishing |    300.0 |   1.228 |   1.473 |   0.0000 |      0.00 |     0.00 |  0.0113 |  0.0043 |  0.040
  4.00 |   extinguishing |    300.0 |   1.232 |   1.495 |   0.0000 |      0.00 |     0.00 |  0.0109 |  0.0043 |  0.040
  4.20 |   extinguishing |    300.0 |   1.236 |   1.517 |   0.0000 |      0.00 |     0.00 |  0.0105 |  0.0043 |  0.040
  4.40 |   extinguishing |    300.0 |   1.240 |   1.539 |   0.0000 |      0.00 |     0.00 |  0.0101 |  0.0043 |  0.040
  4.60 |   extinguishing |    300.0 |   1.244 |   1.561 |   0.0000 |      0.00 |     0.00 |  0.0098 |  0.0043 |  0.040
  4.80 |   extinguishing |    300.0 |   1.248 |   1.583 |   0.0000 |      0.00 |     0.00 |  0.0094 |  0.0043 |  0.040
  5.00 |   extinguishing |    300.0 |   1.252 |   1.605 |   0.0000 |      0.00 |     0.00 |  0.0091 |  0.0043 |  0.040
  5.20 |   extinguishing |    300.0 |   1.256 |   1.627 |   0.0000 |      0.00 |     0.00 |  0.0088 |  0.0043 |  0.040
  5.40 |   extinguishing |    300.0 |   1.260 |   1.649 |   0.0000 |      0.00 |     0.00 |  0.0085 |  0.0043 |  0.040
  5.60 |   extinguishing |    300.0 |   1.264 |   1.671 |   0.0000 |      0.00 |     0.00 |  0.0082 |  0.0043 |  0.040
  5.80 |   extinguishing |    300.0 |   1.268 |   1.693 |   0.0000 |      0.00 |     0.00 |  0.0079 |  0.0043 |  0.040
  6.00 |   extinguishing |    300.0 |   1.272 |   1.715 |   0.0000 |      0.00 |     0.00 |  0.0076 |  0.0043 |  0.040
  6.01 |   extinguishing |    300.0 |   1.272 |   1.716 |   0.0000 |      0.00 |     0.00 |  0.0076 |  0.0043 |  0.040
------------------------------------------------------------------------------------------------------------------------
Round result:
  peak temperature: 810.3 K
  final temperature: 300.0 K
  burn time: 0.05 s
  total energy released: 50.81 J
  total heat lost: 990.81 J
  fuel burned: 0.0977 normalized units
  oxygen used: 0.1954 normalized units
  peak reaction rate: 6.8888 units/s
  average heat efficiency: 0.000
  final smoke: 0.0076
  final soot: 0.0043
  extinction/end state: thermal extinction

====================================================================================================================================
FINAL SIMPLE FLAME COMBUSTION COMPARISON
====================================================================================================================================
Round |               Fuel model |   Peak K |  Final K |  Burn s |  Energy J |    Lost J |    Fuel |  O2 used | PeakRate |    Eff |    Soot | End state
-------------------------------------------------------------------------------------------------------------------------------------------------------
    1 | baseline methane-like ga |    732.4 |    300.0 |    0.04 |      2.91 |    652.91 |  0.0056 |   2.7055 |   0.3332 |  0.000 |  0.0002 | thermal extinction
    2 |   fuel-rich yellow flame |    780.5 |    300.0 |    0.04 |      4.12 |    824.12 |  0.0079 |   1.5141 |   0.5127 |  0.000 |  0.0007 | thermal extinction
    3 |     oxygen-starved flame |    767.4 |    300.0 |    0.04 |      1.32 |    761.32 |  0.0025 |   0.0051 |   0.1587 |  0.000 |  0.0004 | thermal extinction
    4 |  airflow-stretched flame |    774.7 |    300.0 |    0.04 |      5.37 |    805.37 |  0.0103 |   5.1393 |   0.6655 |  0.000 |  0.0003 | thermal extinction
    5 |      humid weak ignition |    685.2 |    300.0 |    0.03 |      0.69 |    550.69 |  0.0013 |   2.3853 |   0.0479 |  0.000 |  0.0001 | thermal extinction
    6 |       high cooling flame |    776.4 |    300.0 |    0.04 |      4.21 |    834.21 |  0.0081 |   3.1863 |   0.5341 |  0.000 |  0.0003 | thermal extinction
    7 | hot blue efficient flame |    789.3 |    300.0 |    0.04 |     11.94 |    891.94 |  0.0230 |   5.9903 |   1.5354 |  0.000 |  0.0003 | thermal extinction
    8 |      small chamber flash |    810.3 |    300.0 |    0.05 |     50.81 |    990.81 |  0.0977 |   0.1954 |   6.8888 |  0.000 |  0.0043 | thermal extinction

Best scientific observations:
  Hottest flame: Round 8, small chamber flash, peak 810.3 K
  Most energy released: Round 8, 50.81 J
  Cleanest burn: Round 5, soot 0.0001
  Longest active burn: Round 8, 0.05 s


[stderr]
Spreadsheet runtime warmup failed during python startup
Traceback (most recent call last):
  File "/tmp/tmp.9eeVjt35CN/artifact_tool_v2-2.7.5/artifact_tool/patches/warm_spreadsheet_runtime_on_startup.py", line 26, in warm_spreadsheet_runtime_on_startup
  File "/tmp/tmp.9eeVjt35CN/artifact_tool_v2-2.7.5/artifact_tool/spreadsheet_warmup.py", line 785, in warm_spreadsheet_runtime
  File "/tmp/tmp.9eeVjt35CN/artifact_tool_v2-2.7.5/artifact_tool/spreadsheet_warmup.py", line 720, in _warm_feature_flows
  File "/tmp/tmp.9eeVjt35CN/artifact_tool_v2-2.7.5/artifact_tool/spreadsheet_warmup.py", line 704, in _warm_collaboration_flows
  File "/tmp/tmp.9eeVjt35CN/artifact_tool_v2-2.7.5/artifact_tool/generated/interface/models.py", line 48821, in hydrate_crdt_from_proto
  File "/tmp/tmp.9eeVjt35CN/artifact_tool_v2-2.7.5/artifact_tool/rpc/remote.py", line 747, in __call__
  File "/tmp/tmp.9eeVjt35CN/artifact_tool_v2-2.7.5/artifact_tool/rpc/client.py", line 150, in call
artifact_tool.rpc.client.RemoteError: hydrateCrdtFromProto requires an empty collaborative document.
